100 266 8
4 3
5 3
6 7
3 0
6 11
4 7
0 5
5 2
0 2
6 9
6 12
12 0
1 3
9 4
13 6
9 1
6 5
2 7
3 9
5 7
0 9
0 11
12 4
11 5
5 8
10 9
8 10
6 4
7 13
12 10
2 0
0 6
2 11
12 9
0 3
4 24
12 25
6 15
20 15
23 20
20 18
18 15
20 19
17 15
18 23
16 18
19 16
24 18
22 19
23 17
19 22
18 16
25 15
22 24
14 20
21 15
21 20
25 22
15 17
23 22
22 21
24 17
24 21
22 25
16 14
17 21
23 25
21 23
21 36
22 27
25 36
36 28
28 27
29 34
38 29
37 27
38 30
32 35
34 36
28 35
31 28
30 36
37 36
37 34
33 37
34 33
27 36
31 34
29 33
37 38
38 28
30 27
32 26
26 35
29 26
29 35
38 31
34 32
26 38
27 26
27 31
30 35
28 31
33 44
29 45
38 47
40 48
51 46
51 41
43 45
44 43
48 42
44 46
46 40
43 42
40 51
41 49
42 51
40 43
42 44
46 44
42 43
45 40
42 46
44 45
46 39
51 45
51 48
47 44
47 41
39 47
41 42
43 49
50 40
42 45
46 49
41 46
51 40
50 57
48 63
47 62
53 55
60 62
52 55
58 60
58 64
56 57
55 56
57 60
55 59
61 58
54 57
57 56
65 59
58 53
52 66
56 55
53 64
55 58
65 60
59 60
62 57
54 63
57 64
56 53
65 61
57 61
61 60
58 63
64 54
62 56
62 53
57 52
62 66
55 62
53 61
55 54
54 65
52 68
59 76
59 70
72 70
79 68
78 74
70 74
75 78
71 75
73 69
78 77
69 79
72 67
69 75
68 72
71 76
78 67
69 78
78 72
71 72
67 79
68 69
75 71
78 70
74 78
79 73
77 72
76 71
71 69
78 68
69 68
77 75
71 73
73 76
67 73
76 85
71 86
72 84
90 82
89 85
82 89
84 85
81 83
85 93
85 88
88 80
91 80
92 84
94 85
87 85
93 85
90 89
80 81
87 81
89 92
85 91
89 94
88 86
84 88
92 85
90 94
81 94
81 88
93 84
92 89
90 88
83 80
91 87
83 94
93 90
91 82
82 87
85 84
81 87
84 92
84 95
81 97
82 98
95 98
99 96
98 97
98 99
99 97
96 97
97 95
96 98
99 2
96 5
