40 100 4
0 1
0 2
0 3
1 2
1 4
1 5
1 6
2 4
2 5
2 6
2 7
2 8
3 5
3 7
3 8
4 5
4 7
5 6
5 8
5 9
6 8
6 9
7 9
8 9
4 16
9 18
10 11
10 12
10 15
10 16
11 13
11 15
11 16
11 17
12 13
12 15
12 17
12 18
13 14
13 16
14 17
14 19
15 16
15 17
15 19
16 17
16 18
16 19
17 18
17 19
18 19
19 22
20 21
20 22
20 24
20 25
20 26
21 23
21 24
22 23
22 25
22 28
23 24
23 26
23 27
23 28
24 25
24 26
24 29
25 28
26 27
26 28
26 29
27 28
28 30
29 34
30 31
30 32
30 33
30 35
30 36
30 37
30 38
31 32
31 33
31 34
31 35
31 38
32 33
32 34
32 36
32 38
33 36
33 37
34 35
34 38
35 36
35 39
37 39
38 39