500 2010 20
14 6
7 1
0 20
14 12
12 8
13 17
20 14
7 12
5 7
9 19
14 11
14 5
2 18
11 18
15 18
21 17
13 12
18 16
19 6
12 1
2 16
17 3
18 13
11 16
8 16
3 12
8 5
2 4
12 19
0 21
15 12
1 5
2 8
9 2
11 6
14 19
21 10
2 20
12 2
18 2
21 7
10 21
8 0
14 15
3 2
8 17
6 10
20 12
13 10
9 14
0 8
11 4
10 13
15 16
6 5
13 6
17 19
1 2
20 13
2 12
18 6
15 5
21 13
19 16
7 21
16 2
3 14
2 0
19 10
5 12
5 9
9 15
7 13
13 43
15 49
20 29
15 35
20 34
31 37
23 27
49 51
30 22
30 35
30 26
44 30
27 29
45 37
22 40
36 47
37 46
47 39
36 39
48 44
27 35
41 40
37 30
23 31
35 37
41 38
24 50
24 29
31 42
35 25
22 31
44 31
25 48
28 39
49 30
44 37
44 23
43 31
50 42
26 30
25 40
51 45
42 29
51 35
33 43
47 22
22 43
32 29
32 42
51 31
44 32
47 37
46 47
38 45
25 30
30 47
42 24
34 25
39 31
37 40
36 24
27 28
40 31
29 42
43 47
35 42
46 34
43 49
31 29
48 23
27 46
38 46
24 25
40 32
26 45
24 44
45 35
26 49
49 48
39 30
39 48
27 25
22 38
37 49
40 25
49 41
24 33
44 49
44 38
34 46
51 42
43 36
37 42
23 42
51 23
41 43
34 27
50 23
26 23
29 45
48 39
31 49
48 38
30 33
43 40
40 49
28 35
33 29
38 32
47 49
28 37
35 44
29 33
22 30
50 47
48 42
41 27
33 27
24 47
37 27
44 42
24 26
25 33
26 25
32 38
40 33
25 42
40 51
41 46
23 34
39 70
22 78
45 66
26 61
50 77
40 52
34 71
70 53
57 79
63 66
77 72
75 66
74 71
68 55
71 55
72 74
55 72
79 71
52 58
63 57
73 72
71 59
73 69
78 63
66 75
70 61
63 73
79 52
68 60
59 54
72 57
63 79
71 70
63 74
64 76
68 72
68 69
59 71
71 66
62 76
76 59
69 54
68 58
56 69
67 69
63 70
57 58
66 65
67 79
73 79
64 52
78 75
75 64
65 68
77 75
63 67
63 78
55 52
67 65
74 73
79 73
72 69
72 61
71 52
61 66
53 65
53 72
55 76
72 59
57 56
55 59
71 74
65 61
71 64
54 60
61 60
54 61
69 56
78 77
55 70
60 58
72 55
54 52
57 67
75 78
72 60
60 53
62 72
67 59
75 63
56 60
67 77
54 72
76 79
60 73
65 76
56 73
59 68
61 72
58 63
72 79
60 72
52 74
79 65
78 56
52 77
62 63
53 78
52 67
67 60
62 59
61 65
56 58
54 73
70 56
76 55
55 75
61 77
57 70
70 69
71 67
54 67
58 78
56 96
56 88
57 80
66 85
60 92
79 90
62 94
87 88
95 83
96 81
91 80
98 90
94 91
97 87
81 83
90 94
96 88
100 80
102 99
88 82
95 87
84 97
100 93
99 82
87 82
87 99
100 99
102 93
98 83
101 81
89 96
80 81
99 88
102 82
85 90
83 102
92 85
94 101
101 92
96 97
87 85
93 102
84 91
89 87
93 84
102 100
93 85
90 96
91 86
89 102
95 85
88 90
101 84
80 99
92 100
92 96
94 98
97 81
102 101
83 87
99 85
94 85
87 86
98 84
85 98
99 96
93 95
98 86
92 95
100 96
85 101
93 100
97 92
101 91
93 83
81 82
87 96
95 82
90 101
81 80
95 86
102 84
102 94
96 111
84 109
95 103
99 117
96 108
116 112
109 117
108 119
110 115
112 106
118 113
119 117
105 108
109 120
110 123
116 108
116 110
123 103
117 106
108 121
122 108
104 106
115 120
105 121
103 108
120 113
117 119
121 113
109 119
105 104
118 104
121 123
120 105
109 111
103 120
119 108
120 108
115 118
113 120
107 119
107 105
114 115
119 115
113 103
115 106
112 120
118 108
123 118
105 103
111 109
108 113
108 123
108 104
115 114
110 118
105 117
108 117
121 117
103 116
122 106
113 107
114 105
112 121
118 119
117 104
108 103
115 107
108 114
107 103
122 114
105 120
109 108
122 121
108 109
123 109
116 125
122 125
117 127
103 125
109 141
133 124
137 134
137 140
135 138
137 129
145 137
134 139
130 141
136 138
142 125
139 135
127 132
132 135
144 130
124 129
142 131
140 137
142 132
133 143
125 140
126 127
130 125
127 140
145 142
144 140
135 124
129 137
131 134
142 141
134 131
139 137
135 133
124 131
138 133
135 142
138 139
144 135
124 141
144 138
130 124
132 142
128 133
142 140
125 129
129 131
138 131
126 129
128 142
139 125
141 144
125 127
145 136
137 124
134 126
132 139
129 138
143 145
127 141
143 135
141 137
132 141
142 135
124 142
133 134
136 130
131 130
131 135
132 130
131 129
142 128
129 128
129 142
141 126
130 168
124 153
126 169
125 162
144 167
149 168
161 148
162 164
169 155
153 148
162 146
165 162
154 150
149 153
163 166
159 161
156 148
163 165
156 161
149 148
154 159
168 158
167 166
166 159
152 165
159 154
154 165
164 166
150 148
162 158
163 160
159 158
153 164
153 167
153 158
169 164
164 165
158 150
146 163
166 158
161 167
168 151
165 146
150 159
149 159
166 152
147 148
162 156
160 153
149 157
157 169
154 167
168 166
165 167
153 161
152 147
166 164
161 164
169 148
169 157
159 169
151 155
169 150
157 167
150 146
161 163
165 168
159 165
147 164
147 149
148 151
156 164
161 165
147 150
165 157
166 162
147 167
160 156
152 158
150 162
161 147
163 169
166 148
163 159
156 146
166 176
151 188
162 177
162 179
157 171
167 173
188 179
175 192
187 193
178 173
173 170
176 171
182 171
185 176
186 176
185 186
173 190
192 189
191 189
171 184
172 177
187 189
193 183
179 171
187 183
192 194
172 171
179 178
170 185
182 192
192 181
182 187
182 174
189 188
180 193
172 184
170 187
188 184
190 183
179 189
192 185
171 181
176 182
173 193
186 172
187 179
182 179
175 176
170 182
185 178
184 192
172 175
181 177
188 171
190 194
180 192
181 194
194 189
170 192
176 192
191 182
191 170
186 182
178 172
182 191
175 190
170 186
181 184
181 193
177 172
182 180
179 184
186 184
177 176
175 179
183 171
175 184
176 174
173 181
177 183
177 191
185 173
194 185
172 188
191 190
194 188
177 173
173 187
177 186
180 183
189 190
185 181
176 181
191 184
171 183
189 172
193 174
172 178
193 188
171 175
188 180
177 175
177 171
175 174
186 185
170 190
184 194
182 175
180 188
190 191
183 207
176 208
193 222
191 207
185 219
175 211
195 213
209 218
204 208
223 198
223 217
211 216
199 218
217 207
219 205
202 224
196 221
203 206
203 210
220 199
219 211
204 221
205 221
215 200
195 204
225 221
214 211
225 219
202 196
199 225
202 214
210 205
206 195
216 205
209 214
199 196
217 201
206 200
218 215
199 202
220 195
222 195
211 206
197 219
197 208
217 204
211 210
216 200
210 199
218 203
217 208
223 211
218 209
219 195
209 221
206 212
214 195
217 196
206 225
206 207
208 203
208 214
199 203
202 221
222 223
199 204
215 206
213 201
222 212
202 205
218 201
224 199
224 223
205 210
199 205
207 224
212 196
213 200
213 204
200 199
207 211
210 222
210 206
219 217
196 218
212 202
208 198
205 198
200 195
212 219
215 219
213 205
208 210
216 209
213 212
216 221
209 199
213 198
211 203
203 201
221 218
198 204
215 220
211 218
225 201
218 213
195 220
212 203
200 206
224 212
204 223
202 195
221 203
207 218
220 211
218 223
221 200
211 220
221 219
201 214
202 223
201 207
195 203
198 210
210 208
196 224
217 203
200 204
197 198
206 198
206 214
211 213
225 199
219 218
224 196
196 231
224 242
222 226
209 226
216 241
207 236
204 236
237 242
248 237
248 240
226 247
238 230
232 228
233 237
236 240
233 246
234 244
242 230
228 246
228 242
227 247
241 248
241 234
228 238
229 237
239 229
247 237
232 242
239 241
243 238
240 248
235 234
243 241
231 244
246 243
236 245
229 236
239 230
246 240
239 227
248 235
228 239
241 246
231 236
230 231
237 239
248 227
231 238
227 244
227 231
239 245
245 235
241 244
239 240
235 227
228 235
235 243
240 241
242 233
245 234
247 234
232 230
237 235
233 245
229 226
239 248
232 231
231 243
240 227
229 231
238 246
247 243
247 244
229 243
237 229
236 243
232 226
247 236
230 245
244 240
241 238
247 239
240 228
236 260
234 263
232 276
236 267
245 269
278 252
256 269
272 275
253 271
260 274
263 273
274 278
267 277
279 260
250 257
275 261
279 278
272 249
253 250
264 254
256 251
255 269
250 267
258 274
250 266
257 264
267 265
266 258
268 253
274 255
257 276
278 255
258 271
271 260
271 264
256 255
256 260
256 262
253 251
249 253
273 254
257 273
267 257
260 250
253 257
267 251
259 255
269 274
257 269
263 265
255 257
275 263
270 263
276 264
250 259
251 271
254 255
266 273
266 255
270 257
255 267
263 255
264 268
266 250
250 271
272 271
254 251
273 278
261 269
253 273
279 270
277 272
260 271
264 271
277 264
264 279
253 266
257 259
250 279
268 278
271 276
256 252
276 271
251 279
278 258
253 267
255 260
269 279
269 264
263 260
261 268
278 266
262 254
259 277
279 267
255 266
253 278
267 275
257 250
272 264
272 273
255 273
271 254
271 250
261 260
261 263
274 267
265 264
273 270
253 277
257 271
270 267
264 259
271 265
255 256
273 263
276 275
250 249
250 260
262 271
261 266
278 271
259 260
254 272
256 272
255 254
278 277
250 276
266 264
263 274
255 252
254 256
249 272
262 265
264 287
251 299
261 297
268 297
254 297
252 283
273 288
283 282
283 292
281 286
290 300
286 298
283 297
295 290
291 298
291 296
298 292
295 283
298 287
280 288
288 299
288 285
297 283
289 298
293 295
283 285
292 284
287 280
284 281
296 284
280 294
295 300
290 284
297 285
295 285
294 292
280 282
293 294
287 295
290 294
280 289
295 298
292 297
285 293
285 290
288 291
292 285
292 281
290 293
293 280
280 287
298 282
280 300
285 292
300 290
296 298
282 295
286 290
297 290
280 298
299 281
285 286
289 282
298 280
287 290
282 283
294 299
298 300
297 288
285 280
297 296
288 297
300 291
300 284
283 284
292 294
289 294
295 314
295 313
288 302
288 301
291 303
303 307
308 322
319 301
319 322
316 312
315 320
306 322
308 316
302 318
314 322
307 318
319 303
306 305
321 307
314 303
302 315
307 314
317 316
319 306
319 311
301 323
310 315
323 321
319 320
310 313
322 316
303 304
313 315
322 312
311 306
308 304
320 312
320 308
321 303
307 305
309 301
306 310
312 318
307 322
315 306
310 304
306 314
318 310
315 312
310 316
309 310
309 307
304 319
306 303
323 320
316 321
317 320
309 306
323 315
319 307
317 321
310 306
323 310
322 323
321 311
312 323
309 313
320 319
301 309
313 323
303 321
305 310
318 319
314 305
309 303
302 313
305 304
303 316
313 318
315 302
322 303
304 327
318 343
319 350
310 332
303 325
351 353
329 344
341 334
346 330
342 338
343 326
351 328
350 347
350 343
343 349
345 325
330 336
332 349
338 347
327 336
348 352
336 341
348 336
340 342
352 341
346 329
350 333
348 329
350 330
344 329
325 329
342 331
324 352
327 349
349 328
351 342
342 334
338 344
347 353
336 343
337 326
347 331
334 330
339 326
338 343
351 333
333 345
334 338
352 338
325 344
344 326
342 345
332 328
326 330
324 329
341 328
324 349
337 343
327 328
328 324
333 336
337 346
346 338
344 346
345 328
338 335
332 338
326 337
333 346
338 348
342 349
345 350
344 332
352 348
336 335
330 340
347 333
329 327
348 349
328 337
335 332
346 352
349 335
342 325
336 331
331 336
342 340
350 344
340 328
341 339
352 353
339 330
342 346
332 348
324 346
348 351
333 341
333 351
340 353
347 340
340 347
328 334
345 352
345 349
332 340
342 353
334 351
335 346
340 329
352 345
346 344
339 348
349 343
340 334
326 350
352 350
339 336
333 334
350 324
326 349
345 351
341 333
338 330
324 333
330 343
339 344
340 337
350 332
329 341
350 353
325 364
338 355
349 357
336 354
342 377
330 359
350 360
361 357
368 361
366 367
370 364
358 375
360 368
370 372
361 365
377 374
372 374
370 362
358 377
377 375
360 376
360 377
358 365
375 355
365 360
376 373
367 369
355 365
357 375
356 369
363 355
374 354
377 359
377 369
354 360
372 363
368 377
361 372
377 360
357 365
357 359
357 354
366 376
356 376
357 362
363 369
360 355
372 376
355 370
359 358
377 358
366 357
367 365
364 354
376 363
372 377
367 373
373 355
365 371
366 360
360 356
364 359
369 354
376 358
370 373
364 356
358 360
376 364
354 370
367 356
371 373
361 363
367 362
354 366
358 368
358 369
364 369
375 365
371 363
355 356
364 363
359 355
356 370
361 376
376 361
363 358
368 360
375 392
356 390
357 380
356 398
373 389
366 404
401 397
382 398
384 382
389 401
393 383
380 393
378 393
379 403
395 380
382 404
400 391
394 392
405 406
399 396
385 384
387 402
381 396
394 395
384 398
407 402
402 401
399 380
404 392
391 390
385 388
386 396
385 378
406 378
401 399
398 400
380 387
380 405
384 394
403 381
400 395
401 405
390 395
384 391
384 402
400 402
407 393
392 400
395 393
402 383
401 391
378 394
389 397
387 378
390 399
406 383
398 386
386 397
389 378
400 398
388 383
405 392
389 406
386 392
393 389
393 403
394 379
385 391
397 389
378 399
388 404
386 389
393 395
393 397
398 397
399 393
383 389
381 398
388 390
380 400
402 394
399 382
390 382
382 394
405 378
392 395
393 406
394 397
401 404
395 402
383 406
379 391
388 386
387 381
387 407
403 379
393 396
382 401
388 392
400 383
379 394
403 389
401 380
402 406
407 380
398 383
390 384
401 406
389 385
403 391
381 392
403 383
383 394
381 407
388 393
378 383
399 386
406 390
383 382
382 390
393 392
406 398
404 385
394 382
402 378
382 392
382 386
379 404
389 399
385 395
400 381
380 416
398 430
381 431
383 422
381 435
380 434
390 423
412 424
412 420
413 418
428 418
433 423
411 409
433 416
411 414
431 417
430 433
413 419
416 421
414 422
417 424
411 436
412 428
412 425
410 416
433 427
409 434
429 425
417 419
422 414
416 415
424 429
424 410
419 429
434 411
436 426
430 426
416 433
412 431
421 423
427 435
421 417
427 417
434 418
417 432
436 421
409 422
433 430
425 430
411 410
427 421
436 429
423 430
432 415
425 409
409 435
436 433
425 413
425 410
422 435
422 431
431 434
415 429
432 431
423 435
425 431
416 412
424 419
409 417
423 416
414 416
422 434
408 424
436 419
436 424
414 434
409 411
417 430
409 436
414 430
417 413
431 428
431 435
427 423
426 411
433 410
426 434
416 418
432 421
415 419
436 431
417 420
430 421
432 410
417 418
430 408
409 415
425 421
415 425
429 434
428 425
426 435
432 436
427 420
423 415
430 415
412 434
416 408
422 423
429 417
422 424
426 412
422 428
409 412
431 414
411 427
418 419
421 415
431 408
436 409
416 428
435 415
435 413
422 410
422 411
419 421
423 429
423 445
433 450
422 453
435 438
417 459
414 459
421 452
462 450
460 455
449 461
441 462
446 456
462 455
463 452
448 438
450 442
447 450
452 465
447 439
464 437
459 448
446 443
439 455
447 464
457 437
452 443
452 444
458 443
464 442
443 437
438 465
456 458
457 445
460 454
455 444
459 442
463 456
456 457
455 463
456 454
453 459
463 464
438 460
457 443
458 450
441 465
460 440
461 459
451 457
444 461
443 457
457 456
453 452
441 450
449 458
449 454
465 449
453 450
444 464
448 461
464 459
442 441
445 456
461 462
454 464
440 463
437 446
448 458
440 437
451 446
454 449
452 459
463 437
438 454
451 448
461 464
446 461
447 443
448 459
453 458
445 457
460 442
460 449
465 450
443 465
464 451
464 447
453 437
442 458
452 461
446 448
447 463
460 444
441 461
448 454
437 453
464 446
442 455
449 446
451 441
454 442
446 464
447 448
438 462
447 456
442 445
452 453
449 452
442 464
461 451
444 445
455 447
459 458
443 440
457 462
448 447
461 441
462 451
459 438
444 459
450 447
459 444
447 445
442 443
456 443
460 457
447 437
456 467
437 487
438 475
454 466
461 486
455 478
442 466
483 477
469 480
478 474
477 479
482 471
484 478
471 485
480 468
481 472
479 485
485 469
481 485
484 473
469 471
466 474
476 474
471 478
480 470
486 474
488 486
478 489
472 469
489 482
487 483
490 468
484 488
477 474
472 468
479 488
472 483
474 473
476 481
468 474
466 468
469 479
481 468
484 479
476 475
479 486
477 481
473 480
467 480
483 488
486 469
478 475
486 471
471 486
490 487
468 467
476 473
477 466
470 467
479 477
487 475
470 472
471 490
473 469
486 479
472 479
474 488
469 475
475 487
478 467
474 476
487 472
485 477
466 470
481 488
466 483
467 473
468 466
482 480
476 485
480 484
490 484
470 485
490 477
466 471
490 473
482 489
487 490
481 474
469 490
475 486
489 470
470 468
482 479
473 483
485 466
476 486
483 479
467 489
468 483
480 475
467 476
472 487
479 469
469 472
475 467
467 487
469 482
489 483
480 490
481 470
482 496
469 492
482 497
470 499
470 496
471 498
494 492
491 498
496 491
491 493
499 498
492 491
495 491
493 498
497 493
492 495
495 494
499 495
496 497
497 496
499 491
494 493
496 493
495 497
498 495
493 495
497 492
494 497
498 0
496 11
