80 245 6
3 5
5 3
6 3
8 2
7 2
2 6
4 9
2 0
0 9
1 4
3 2
3 0
6 8
6 4
8 3
2 7
4 5
0 1
6 1
7 5
7 6
0 5
5 7
1 5
0 7
8 14
0 19
12 17
13 16
20 21
12 19
18 21
14 21
10 21
14 11
10 20
21 12
14 12
13 15
10 12
18 19
21 17
21 15
21 20
15 19
20 11
12 15
19 13
16 12
14 19
12 16
20 12
10 13
13 10
19 12
19 21
12 18
19 27
12 37
14 27
35 37
33 37
23 24
36 32
37 30
35 34
34 31
29 36
25 31
30 28
37 36
34 30
24 31
33 24
24 25
36 26
28 35
36 33
31 27
32 33
22 32
31 35
23 28
26 32
30 23
24 22
25 23
29 37
24 27
30 32
33 31
32 36
32 34
37 26
36 25
33 30
35 24
31 22
23 25
29 32
25 27
34 27
31 28
27 33
27 29
27 22
33 34
30 24
33 36
23 22
31 23
33 28
37 24
23 45
25 40
22 39
35 42
48 46
46 41
40 48
49 39
42 44
45 39
48 49
46 39
49 48
41 44
40 43
49 41
38 46
48 43
45 40
42 47
47 46
49 40
42 45
45 42
41 45
43 49
39 38
48 45
47 42
43 47
48 40
45 41
38 41
44 43
48 55
46 53
49 58
62 52
55 60
53 58
53 63
51 57
55 58
52 55
56 52
57 55
57 56
59 63
52 51
58 63
56 53
55 53
54 50
62 59
53 61
61 54
60 53
51 63
51 60
61 63
62 61
56 55
50 55
52 59
60 58
50 56
58 53
58 54
63 51
55 61
58 62
56 50
55 74
52 70
54 68
64 79
76 79
73 76
74 71
68 73
70 68
69 76
74 65
65 71
76 66
71 77
72 70
73 79
75 64
68 69
73 74
75 78
71 76
69 74
64 68
65 75
72 73
78 77
74 69
79 73
73 78
72 65
64 65
67 68
68 71
76 68
71 65
69 77
67 79
76 78
78 74
71 66
65 74
76 64
70 79
65 73
77 78
64 76
77 64
75 68
71 72
66 70
69 70
73 66
69 68
76 75
77 65
69 72
69 2
72 8
66 2
78 7
