0.000000000000000000e+00 1.479592649115874792e+03
1.000000000000000000e+00 9.627225930887094307e+01
2.000000000000000000e+00 4.845578441704764145e+02
3.000000000000000000e+00 4.249695282237882452e+02
4.000000000000000000e+00 -9.670120949835900319e+02
5.000000000000000000e+00 1.026272349276537987e+01
6.000000000000000000e+00 -8.047303382450639901e+02
7.000000000000000000e+00 2.158172653558262652e+02
8.000000000000000000e+00 -2.382538216270298221e+02
9.000000000000000000e+00 -5.043998344093384958e+02
1.000000000000000000e+01 1.455168209827465375e+01
1.100000000000000000e+01 1.221986054829032895e+02
1.200000000000000000e+01 2.936411682776554244e+02
1.300000000000000000e+01 -1.463389718383542117e+02
1.400000000000000000e+01 8.927817038428962633e+02
1.500000000000000000e+01 2.363348689301194270e+02
1.600000000000000000e+01 4.520058687404843454e+02
1.700000000000000000e+01 -2.273824111860670882e+01
1.800000000000000000e+01 3.622880864739111075e+02
1.900000000000000000e+01 5.536051006607535783e+02
2.000000000000000000e+01 5.211106913574052442e+02
2.100000000000000000e+01 -4.504211092509132186e+01
2.200000000000000000e+01 6.425660524325797951e+02
2.300000000000000000e+01 6.403650484445167876e+02
2.400000000000000000e+01 -3.284987803676106068e+02
2.500000000000000000e+01 -2.263868341260774741e+01
2.600000000000000000e+01 1.161041209725789486e+03
2.700000000000000000e+01 1.114467299640260990e+03
2.800000000000000000e+01 9.456121520770456073e+02
2.900000000000000000e+01 1.635022316423427128e+03
3.000000000000000000e+01 4.972315257097600920e+02
3.100000000000000000e+01 1.361469136187979529e+03
3.200000000000000000e+01 1.701059974141703606e+03
3.300000000000000000e+01 7.168515393605828194e+02
3.400000000000000000e+01 7.769695981844567996e+02
3.500000000000000000e+01 7.132851147806750305e+02
3.600000000000000000e+01 1.366293170942529287e+03
3.700000000000000000e+01 4.019842319930407939e+02
3.800000000000000000e+01 1.234440261003209798e+03
3.900000000000000000e+01 1.531733115143732675e+03
4.000000000000000000e+01 1.250876950113000248e+03
4.100000000000000000e+01 2.970811181476406091e+03
4.200000000000000000e+01 1.470587030332141012e+03
4.300000000000000000e+01 9.595387445922075358e+02
4.400000000000000000e+01 2.122312896666157030e+03
4.500000000000000000e+01 2.712504762014275911e+03
4.600000000000000000e+01 2.114274235130046236e+03
4.700000000000000000e+01 2.827422862733846159e+03
4.800000000000000000e+01 2.516758061827250003e+03
4.900000000000000000e+01 1.896572928338202246e+03
5.000000000000000000e+01 2.424940013998680570e+03
5.100000000000000000e+01 2.523753472345994396e+03
5.200000000000000000e+01 2.756401150013415190e+03
5.300000000000000000e+01 2.642477779879073296e+03
5.400000000000000000e+01 3.154870561180156074e+03
5.500000000000000000e+01 3.328341582316190397e+03
5.600000000000000000e+01 2.649990328233996934e+03
5.700000000000000000e+01 2.858665260163883431e+03
5.800000000000000000e+01 3.758013143082498118e+03
5.900000000000000000e+01 3.670146266386232583e+03
6.000000000000000000e+01 4.459759812286674787e+03
6.100000000000000000e+01 3.568679974760724690e+03
6.200000000000000000e+01 4.084639067247807361e+03
6.300000000000000000e+01 4.377270343229253740e+03
6.400000000000000000e+01 3.437007925087649710e+03
6.500000000000000000e+01 3.905019730603049993e+03
6.600000000000000000e+01 3.609357581682719228e+03
6.700000000000000000e+01 4.494874036628298200e+03
6.800000000000000000e+01 4.986523550091924335e+03
6.900000000000000000e+01 4.020584740504425099e+03
7.000000000000000000e+01 4.138026622907793353e+03
7.100000000000000000e+01 4.503919170327327265e+03
7.200000000000000000e+01 4.120881148719610792e+03
7.300000000000000000e+01 4.486996882223895227e+03
7.400000000000000000e+01 4.685008239917147876e+03
7.500000000000000000e+01 5.066192557428150394e+03
7.600000000000000000e+01 5.847482654804477534e+03
7.700000000000000000e+01 5.413049695258678184e+03
7.800000000000000000e+01 5.823535776846920271e+03
7.900000000000000000e+01 5.877558350898871140e+03
8.000000000000000000e+01 5.279338356623761683e+03
8.100000000000000000e+01 5.984455330499413321e+03
8.200000000000000000e+01 6.436198845257391440e+03
8.300000000000000000e+01 7.203086132155611267e+03
8.400000000000000000e+01 7.117075548085325863e+03
8.500000000000000000e+01 6.965518132555117518e+03
8.600000000000000000e+01 6.144301582433485237e+03
8.700000000000000000e+01 7.966038471224821478e+03
8.800000000000000000e+01 7.782499453127406923e+03
8.900000000000000000e+01 7.837231137838319228e+03
9.000000000000000000e+01 8.331354652525915299e+03
9.100000000000000000e+01 7.996922736444756083e+03
9.200000000000000000e+01 8.554035138839020874e+03
9.300000000000000000e+01 7.965733697625589230e+03
9.400000000000000000e+01 9.343620808254076110e+03
9.500000000000000000e+01 8.722259155140238363e+03
9.600000000000000000e+01 9.603980404816134978e+03
9.700000000000000000e+01 8.255022783216720200e+03
9.800000000000000000e+01 1.024948492049265042e+04
9.900000000000000000e+01 1.113208152282088668e+04
